4294967279,48
4294967278,339
4243767290,0
4294967279,174
4294967279,46
4294967279,41
4294967278,300
4294967278,391
4294967278,309
4294967279,222
4294967278,218
4294967278,420
4294967279,286
4294967278,299
4294967278,298
4294967278,292
4294967278,430
4294967278,192
4294967279,39
4294967279,34
4294967279,33
4294967279,32
4294967279,30
4294967279,29
4294967279,28
4294967279,26
4294967279,25
4294967279,21
4294967279,20
4294967279,17
4294967279,13
4294967279,11
4294967279,402
4294967278,357
588,4
4294967278,336
4294967279,401
4294967278,216
4294967279,315
4294967278,383
585,4
590,4
4294967278,370
4294967279,307
4294967278,297
4294967294,413
4294967294,1451
4294967294,186
4294967294,1086
4294967278,308
4294967278,351
4294967279,183
4294967278,181
4294967278,180
4294967278,178
613,4
4294967278,179
613,3
613,2
613,1
4294967294,41
4294967294,107
4294967294,1424
4294967294,493
4294967294,2
4294967294,0
4294967294,91
4294967294,90
4294967294,87
4294967294,86
4294967294,85
4294967294,84
4294967294,1245
4294967294,29
4294967294,28
4294967294,1087
4294967294,27
4294967294,53
4294967294,1427
4294967294,45
4294967294,43
4294967279,390
4294967294,1426
4294967279,249
4294967279,172
4294967279,170
4294967294,96
4294967294,94
4294967294,8
0,7
4294967294,93
4294967294,95
4294967294,17
4294967294,42
4294967294,99
4294967294,76
4294967294,51
4294967294,52
564,4
4294967294,92
4294967294,88
4294967279,431
4294967279,408
4294967278,174
4294967278,394
4294967279,247
4294967279,387
567,5
567,2
581,5
565,4
4294967294,39
4294967294,82
4294967294,1247
4294967294,175
4294967294,173
4294967294,83
4294967294,15
4294967294,185
4294967294,50
4294967294,437
4294967294,104
4294967294,106
4294967294,384
4294967294,184
4294967294,180
4294967294,182
4294967278,393
4294967278,392
4294967278,350
4294967279,289
4294967279,455
4294967294,46
4294967294,1431
4294967294,1430
4294967279,398
4294967279,133
4294967279,454
4294967279,410
4294967279,0
4294967279,306
4294967279,447
4294967294,5
4294967294,429
4294967294,1429
4294967294,44
4294967294,439
4294967294,169
4294967294,183
4294967294,170
4294967294,491
4294967294,1071
4294967294,127
4294967294,486
4294967294,126
4294967294,484
4294967294,492
4294967294,485
4294967294,1
4294967294,482
4294967294,1428
4294967294,166
4294967294,24
4294967294,160
4294967294,25
4294967294,168
4294967294,26
4294967294,1166
4294967294,1163
4294967294,81
4294967294,162
4294967294,1246
4294967294,68
4294967294,67
4294967294,11
4243767290,3
4243767290,2
4294967294,20
4294967294,18
4294967294,12
4294967278,132
4294967278,131
4294967278,130
4294967278,129
4294967278,128
4294967278,127
4294967278,126
4294967278,125
4294967278,124
4294967278,123
4294967278,122
4294967278,121
4294967278,120
4294967278,119
4294967278,118
4294967278,117
4294967278,116
4294967278,115
4294967278,114
4294967278,113
4294967278,112
4294967278,111
4294967278,110
4294967278,109
4294967278,108
4294967278,107
4294967278,106
4294967278,105
4294967278,104
4294967278,103
4294967278,102
4294967278,101
4294967278,100
4294967278,99
4294967278,98
4294967278,97
4294967278,96
4294967278,95
4294967278,94
4294967278,93
4294967278,92
4294967278,91
4294967278,90
4294967278,89
4294967278,87
4294967278,86
4294967278,85
4294967278,84
4294967278,83
4294967278,82
4294967278,81
4294967278,80
4294967278,79
4294967278,78
4294967278,77
4294967278,76
4294967278,75
4294967278,74
4294967278,73
4294967278,72
4294967278,71
4294967278,70
4294967278,69
4294967278,68
4294967278,67
4294967278,66
4294967278,65
4294967278,64
4294967278,63
4294967278,62
4294967279,84
4294967279,81
4294967279,80
4294967279,78
4294967279,75
4294967279,67
4294967279,66
4294967279,65
4294967279,64
4294967279,58
4294967279,53
4294967279,52
4294967279,47
4294967279,45
4294967279,44
4294967279,43
4294967279,42
4294967279,40
4294967279,38
4294967279,37
4294967279,36
4294967279,35
4294967279,31
4294967279,27
4294967279,24
4294967279,23
4294967279,22
4294967279,19
4294967279,18
4294967279,16
4294967279,15
4294967279,14
4294967279,12
4294967279,10
4294967279,9
4294967279,8
4294967279,7
4294967279,6
4294967279,5
4294967279,4
0,5
4294967294,22
4294967294,7
4294967278,389
4294967278,0
4294967294,6
567,6
4294967279,258
586,4
577,4
567,4
4294967279,452
4294967294,470
4294967278,387
4294967293,131
4294967293,130
4294967293,129
4294967293,128
4294967293,127
4294967293,126
4294967293,125
4294967293,124
4294967293,123
4294967293,122
